%YAML:1.0
camMatrix: !!opencv-matrix
   rows: 3
   cols: 3
   dt: d
   data: [ 3.8145338815332713e+02, 0., 1.5893456822472012e+02, 0.,
       3.8334786888226046e+02, 8.7715527183033970e+01, 0., 0., 1. ]
distCoeffs: !!opencv-matrix
   rows: 1
   cols: 5
   dt: d
   data: [ -1.0335291369637163e-01, 7.4849790359155399e-01,
       -2.3176241457276842e-02, 6.8267731447791110e-03,
       -2.0186000124306887e+00 ]
