%YAML:1.0
camMatrix: !!opencv-matrix
   rows: 3
   cols: 3
   dt: d
   data: [ 2.5416592145636650e+02, 0., 1.4958838760950403e+02, 0.,
       2.5473600154349091e+02, 1.0073026993412624e+02, 0., 0., 1. ]
distCoeffs: !!opencv-matrix
   rows: 1
   cols: 5
   dt: d
   data: [ -7.1382239160629954e-02, 1.3433892128362252e-03,
       -1.6845414652463128e-02, 3.2035088517914363e-03,
       3.7057514291982646e-01 ]
